56
57
60
62
65
68
70
73
76
78
82
85
89
93
96
100
104
109
113
116
122
127
133
138
144
150
155
162
168
173
181
188
194
202
209
215
223
229
236
244
253
263
272
283
292
302
311
322
331
341
342|393
344|444
345|496
346|548
347|600
349|651
350|703
351|755
352|806
354|858
355|941
356|1032
357|1133
358|1243
359|1364
360|1497
361|1643
362|1802
363|1978
364|2170
365|2263
366|2360
367|2461
368|2566
370|2676
372|2790
374|2910
376|3034
378|3164
380|3300
400|3400
400|3400
400|3400
400|3400
400|3400
400|3400
400|3400
400|3400
400|3400
400|3400